<?xml version="1.0"?>
<opencv_storage>
<displayPoints type_id="opencv-matrix">
  <rows>2</rows>
  <cols>44</cols>
  <dt>f</dt>
  <data>
    1.79189893e+03 1.79430005e+03 1.79548242e+03 1.79677991e+03
    1.63119043e+03 1.63241345e+03 1.63342554e+03 1.63495056e+03
    1.46154822e+03 1.46278296e+03 1.46402380e+03 1.46564905e+03
    1.29889294e+03 1.30033850e+03 1.30238965e+03 1.30433545e+03
    1.13447961e+03 1.13666113e+03 1.13875854e+03 1.14107422e+03
    9.66299805e+02 9.68890747e+02 9.71656006e+02 9.74106262e+02
    8.01193115e+02 8.04194702e+02 8.07392822e+02 8.10185852e+02
    6.38691895e+02 6.42622742e+02 6.45764282e+02 6.48674561e+02
    4.72325989e+02 4.76131989e+02 4.80228882e+02 4.83597412e+02
    3.03311432e+02 3.07476837e+02 3.11531158e+02 3.14736084e+02
    1.37921097e+02 1.40544586e+02 1.44651413e+02 1.48655182e+02
    1.90563461e+02 4.99452698e+02 8.02547363e+02 1.11014954e+03
    3.42863983e+02 6.52439575e+02 9.60534790e+02 1.26207800e+03
    1.91547363e+02 5.01983032e+02 8.05431763e+02 1.11275000e+03
    3.45414490e+02 6.55461609e+02 9.63351746e+02 1.26464380e+03
    1.93708618e+02 5.04818787e+02 8.07985229e+02 1.11557043e+03
    3.47792236e+02 6.57729065e+02 9.66123535e+02 1.26769580e+03
    1.95295990e+02 5.06985413e+02 8.10674805e+02 1.11867957e+03
    3.49295868e+02 6.60148132e+02 9.68745239e+02 1.27092200e+03
    1.96860489e+02 5.08444763e+02 8.13074219e+02 1.12156897e+03
    3.50988403e+02 6.62105896e+02 9.71743286e+02 1.27488696e+03
    2.00045074e+02 5.10565918e+02 8.15307739e+02 1.12496313e+03</data></displayPoints>
<image_points type_id="opencv-matrix">
  <rows>2</rows>
  <cols>44</cols>
  <dt>f</dt>
  <data>
    440. 440. 440. 440. 4.67299988e+02 4.67299988e+02 4.67299988e+02
    4.67299988e+02 4.94600006e+02 4.94600006e+02 4.94600006e+02
    4.94600006e+02 5.21900024e+02 5.21900024e+02 5.21900024e+02
    5.21900024e+02 5.49200012e+02 5.49200012e+02 5.49200012e+02
    5.49200012e+02 5.76500000e+02 5.76500000e+02 5.76500000e+02
    5.76500000e+02 6.03799988e+02 6.03799988e+02 6.03799988e+02
    6.03799988e+02 6.31099976e+02 6.31099976e+02 6.31099976e+02
    6.31099976e+02 6.58400024e+02 6.58400024e+02 6.58400024e+02
    6.58400024e+02 6.85700012e+02 6.85700012e+02 6.85700012e+02
    6.85700012e+02 713. 713. 713. 713. 110. 1.64600006e+02
    2.19199997e+02 2.73799988e+02 1.37300003e+02 1.91899994e+02
    2.46500000e+02 3.01099976e+02 110. 1.64600006e+02 2.19199997e+02
    2.73799988e+02 1.37300003e+02 1.91899994e+02 2.46500000e+02
    3.01099976e+02 110. 1.64600006e+02 2.19199997e+02 2.73799988e+02
    1.37300003e+02 1.91899994e+02 2.46500000e+02 3.01099976e+02 110.
    1.64600006e+02 2.19199997e+02 2.73799988e+02 1.37300003e+02
    1.91899994e+02 2.46500000e+02 3.01099976e+02 110. 1.64600006e+02
    2.19199997e+02 2.73799988e+02 1.37300003e+02 1.91899994e+02
    2.46500000e+02 3.01099976e+02 110. 1.64600006e+02 2.19199997e+02
    2.73799988e+02</data></image_points>
<dHi type_id="opencv-matrix">
  <rows>3</rows>
  <cols>3</cols>
  <dt>d</dt>
  <data>
    -6.0368309454987985e+00 8.0932445462212066e-02
    4.4309200368529118e+03 2.9971240656064459e-02 5.6231138959762310e+00
    -4.4263458877469554e+02 -2.1075758454160612e-05
    3.5816134338624172e-05 1.</data></dHi>
<displayPoints_reprojection_error>2.3243646124755708e+00</displayPoints_reprojection_error>
</opencv_storage>
